0 617
0 617
0 618
0 618
0 619
0 619
1 617
1 617
1 617
1 617
1 617
1 617
1 618
1 618
1 618
1 618
1 618
1 620
1 620
1 620
1 621
1 621
1 622
1 622
1 622
1 623
1 624
1 625
1 637
1 638
1 638
1 649
1 653
2 617
2 618
2 619
3 617
3 617
3 618
3 618
3 626
3 626
4 42
4 98
4 145
4 344
4 617
4 617
4 617
4 617
4 617
4 617
4 617
4 617
4 617
4 617
4 617
4 617
4 617
4 617
4 617
4 617
4 617
4 617
4 617
4 617
4 617
4 618
4 618
4 618
4 618
4 618
4 618
4 618
4 618
4 618
4 618
4 618
4 618
4 618
4 618
4 618
4 618
4 618
4 618
4 618
4 618
4 618
4 618
4 618
4 627
4 627
4 627
4 627
4 627
4 627
4 627
4 627
4 627
4 627
4 628
4 628
4 628
4 628
4 628
4 628
4 628
4 628
4 628
4 628
4 628
4 628
4 628
4 628
4 628
4 628
4 628
4 628
4 628
4 629
4 629
4 629
4 629
4 629
4 630
4 630
4 630
4 630
4 630
4 630
4 630
4 630
4 630
4 630
4 630
4 630
4 630
4 630
4 630
4 630
4 630
4 631
4 631
4 639
4 639
4 639
4 639
4 640
4 640
4 640
4 649
4 895
4 1186
4 1263
5 617
5 618
5 619
6 617
6 618
6 619
7 617
7 618
7 619
8 632
9 617
9 618
9 619
10 617
10 618
10 619
11 618
12 617
12 618
12 619
13 617
13 618
13 619
14 617
14 618
14 623
14 632
14 633
14 634
14 635
15 617
15 618
15 619
16 617
16 618
16 619
17 617
17 618
17 619
18 636
18 680
18 684
18 728
18 996
19 617
19 618
19 619
20 635
21 641
22 26
22 49
22 94
22 94
22 126
22 154
22 348
22 386
22 474
22 500
22 504
22 524
22 578
22 617
22 618
22 618
22 619
22 644
22 644
22 676
22 679
22 694
22 699
22 699
22 699
22 700
22 701
22 703
22 704
22 704
22 715
22 722
22 785
22 792
22 808
22 809
22 810
22 811
22 812
22 813
22 814
22 815
22 816
22 817
22 818
22 829
22 887
22 888
22 888
22 894
22 894
22 1064
22 1116
22 1121
22 1143
22 1197
22 1198
22 1199
22 1314
22 1315
22 1316
22 1317
22 1318
22 1319
22 1320
22 1321
22 1322
22 1323
22 1324
23 114
23 642
23 643
24 644
24 687
25 618
25 645
25 646
25 647
26 344
26 348
26 617
26 618
26 648
26 650
26 814
26 864
27 570
27 650
28 617
28 651
28 652
29 618
29 623
30 62
30 648
30 654
30 655
30 656
30 657
30 658
31 62
31 225
31 429
31 440
31 618
31 618
31 648
31 648
31 684
31 684
31 790
31 858
31 861
31 1177
32 420
32 618
32 659
33 225
33 576
33 618
33 660
33 660
33 660
33 699
33 699
33 702
33 732
33 1035
34 424
34 617
34 618
34 648
34 649
34 661
34 1004
35 62
35 414
35 441
35 500
35 618
35 618
35 648
35 648
35 650
35 662
35 662
35 663
35 664
35 665
35 666
35 667
35 668
35 669
35 670
35 670
35 675
35 679
35 680
35 799
35 814
35 814
35 814
35 1015
35 1016
35 1016
35 1103
36 670
37 617
37 618
37 619
38 618
38 648
38 679
38 1325
39 62
39 671
40 570
41 82
41 82
41 82
41 98
41 98
41 98
41 98
41 98
41 98
41 98
41 98
41 98
41 317
41 421
41 421
41 421
41 528
41 528
41 528
41 528
41 531
41 576
41 617
41 617
41 618
41 618
41 630
41 649
41 660
41 670
41 670
41 670
41 672
41 675
41 675
41 675
41 680
41 680
41 689
41 689
41 699
41 702
41 702
41 702
41 726
41 732
41 739
41 740
41 742
41 743
41 745
41 746
41 748
41 749
41 750
41 751
41 752
41 753
41 754
41 755
41 755
41 756
41 757
41 758
41 759
41 760
41 761
41 762
41 763
41 764
41 765
41 766
41 767
41 768
41 769
41 770
41 771
41 772
41 773
41 774
41 775
41 776
41 777
41 778
41 779
41 780
41 781
41 782
41 1378
41 1385
42 617
42 618
42 618
43 620
43 648
43 650
43 673
44 154
44 674
44 728
45 675
46 62
46 168
46 232
46 346
46 461
46 474
46 500
46 567
46 570
46 570
46 630
46 648
46 648
46 650
46 650
46 670
46 675
46 676
46 676
46 677
46 678
46 679
46 680
46 680
46 680
46 785
46 814
46 988
46 988
46 996
46 1002
46 1097
46 1098
46 1099
46 1100
46 1102
46 1116
46 1298
47 670
47 675
47 679
48 675
49 49
49 49
49 154
49 182
49 199
49 676
49 681
49 682
49 703
49 703
49 704
49 705
49 706
49 707
49 708
49 709
49 710
49 711
49 712
49 713
49 714
49 714
49 715
49 716
49 717
49 718
49 718
49 719
49 720
49 721
49 722
49 723
49 724
49 725
49 726
49 727
49 728
49 729
49 730
50 618
50 618
50 618
50 635
50 648
50 648
50 675
50 679
50 679
50 683
50 684
50 685
50 686
50 732
50 819
50 869
51 62
51 655
52 687
53 688
54 62
55 675
56 617
56 618
56 619
57 62
57 175
57 175
57 267
57 414
57 618
57 618
57 618
57 618
57 630
57 641
57 648
57 648
57 648
57 648
57 650
57 650
57 675
57 676
57 679
57 679
57 679
57 684
57 684
57 688
57 732
57 732
57 799
57 810
57 814
57 825
57 864
57 946
57 1002
57 1116
57 1348
57 1349
58 687
59 62
60 679
60 690
60 691
61 687
62 115
62 115
62 151
62 231
62 317
62 344
62 378
62 506
62 525
62 538
62 620
62 655
62 692
62 799
63 648
64 684
65 193
65 679
65 693
66 617
66 618
67 623
67 623
67 648
67 695
67 696
67 794
68 675
69 618
69 697
69 698
70 675
71 702
72 635
73 675
73 687
74 684
75 618
75 649
75 695
75 731
75 732
75 737
76 733
77 125
77 149
77 149
77 225
77 285
77 632
77 664
77 675
77 675
77 679
77 679
77 679
77 680
77 680
77 680
77 680
77 680
77 681
77 683
77 687
77 690
77 697
77 734
77 735
77 735
77 736
77 736
77 738
77 785
77 806
77 826
77 882
77 1192
77 1389
77 1390
78 325
78 620
78 623
78 648
78 650
78 660
78 660
78 684
78 702
78 794
78 814
78 814
78 814
78 1002
79 79
80 80
81 675
82 98
82 98
82 98
82 98
82 98
82 98
82 98
82 98
82 98
82 98
82 317
82 421
82 421
82 421
82 421
82 528
82 528
82 528
82 528
82 531
82 689
82 689
82 726
82 726
82 739
82 739
82 740
82 740
82 741
82 741
82 742
82 742
82 743
82 743
82 744
82 744
82 745
82 745
82 746
82 746
82 747
82 747
82 748
82 748
82 749
82 749
82 750
82 750
82 751
82 751
82 752
82 752
82 753
82 753
82 754
82 754
82 755
82 755
82 756
82 756
82 757
82 757
82 758
82 758
82 759
82 759
82 760
82 760
82 761
82 761
82 762
82 762
82 763
82 763
82 764
82 764
82 765
82 765
82 766
82 766
82 767
82 767
82 768
82 768
82 769
82 769
82 770
82 770
82 771
82 771
82 772
82 772
82 773
82 773
82 774
82 774
82 775
82 775
82 776
82 776
82 777
82 777
82 778
82 778
82 779
82 779
82 780
82 780
82 781
82 781
82 782
82 782
82 783
83 679
83 784
83 785
83 786
83 787
84 635
84 675
84 675
84 679
84 784
84 785
84 786
84 787
85 619
86 617
86 618
86 648
86 788
87 648
87 684
88 617
88 618
88 619
89 617
89 618
89 619
90 789
91 618
91 620
91 650
91 699
91 701
92 617
92 618
92 619
93 617
93 618
93 619
94 154
94 154
94 199
94 199
94 675
94 703
94 714
94 714
94 718
94 718
94 722
94 722
94 723
94 723
94 724
94 724
94 725
94 725
94 726
94 726
94 727
94 727
94 728
94 728
94 729
94 729
94 730
94 730
95 570
95 650
95 678
95 785
95 791
95 792
95 793
96 179
96 225
96 225
96 232
96 346
96 403
96 424
96 424
96 461
96 500
96 613
96 618
96 618
96 618
96 618
96 620
96 623
96 648
96 650
96 650
96 667
96 667
96 668
96 670
96 672
96 675
96 676
96 678
96 678
96 679
96 679
96 680
96 680
96 680
96 684
96 687
96 688
96 695
96 732
96 738
96 745
96 785
96 794
96 804
96 804
96 814
96 814
96 814
96 814
96 814
96 814
96 825
96 826
96 858
96 870
96 872
96 873
96 874
96 875
96 876
96 915
96 1015
96 1016
96 1016
96 1018
96 1019
96 1020
96 1021
96 1024
96 1025
96 1026
96 1027
96 1028
96 1097
96 1098
96 1099
96 1100
96 1101
96 1102
96 1227
96 1277
96 1279
97 179
97 193
97 197
97 317
97 387
97 387
97 403
97 500
97 500
97 500
97 500
97 500
97 613
97 618
97 618
97 618
97 618
97 620
97 620
97 623
97 630
97 630
97 635
97 648
97 648
97 648
97 648
97 648
97 648
97 648
97 650
97 650
97 652
97 668
97 670
97 675
97 675
97 680
97 680
97 680
97 680
97 684
97 687
97 687
97 688
97 688
97 695
97 728
97 728
97 732
97 732
97 738
97 745
97 790
97 795
97 796
97 797
97 798
97 799
97 800
97 801
97 802
97 805
97 805
97 805
97 825
97 825
97 862
97 863
97 863
97 863
97 863
97 863
97 864
97 865
97 866
97 867
97 868
97 871
97 872
97 873
97 874
97 875
97 876
97 877
97 878
97 879
97 880
97 881
97 882
97 883
97 883
97 883
97 885
97 886
97 886
98 225
98 312
98 317
98 348
98 394
98 421
98 421
98 421
98 421
98 421
98 421
98 421
98 421
98 421
98 421
98 528
98 528
98 528
98 528
98 531
98 531
98 617
98 618
98 650
98 652
98 667
98 672
98 689
98 689
98 689
98 689
98 689
98 689
98 689
98 689
98 689
98 726
98 726
98 726
98 726
98 726
98 726
98 726
98 726
98 739
98 739
98 739
98 739
98 739
98 739
98 739
98 739
98 740
98 740
98 740
98 740
98 740
98 740
98 740
98 740
98 742
98 742
98 742
98 742
98 742
98 742
98 742
98 742
98 743
98 743
98 743
98 743
98 743
98 743
98 743
98 743
98 744
98 745
98 745
98 745
98 745
98 745
98 745
98 745
98 745
98 746
98 746
98 746
98 746
98 746
98 746
98 746
98 746
98 747
98 748
98 748
98 748
98 748
98 748
98 748
98 748
98 748
98 749
98 749
98 749
98 749
98 749
98 749
98 749
98 749
98 750
98 750
98 750
98 750
98 750
98 750
98 750
98 750
98 751
98 751
98 751
98 751
98 751
98 751
98 751
98 751
98 752
98 752
98 752
98 752
98 752
98 752
98 752
98 752
98 753
98 753
98 753
98 753
98 753
98 753
98 753
98 753
98 754
98 754
98 754
98 754
98 754
98 754
98 754
98 754
98 755
98 755
98 755
98 755
98 755
98 755
98 755
98 755
98 756
98 756
98 756
98 756
98 756
98 756
98 756
98 756
98 757
98 757
98 757
98 757
98 757
98 757
98 757
98 757
98 758
98 758
98 758
98 758
98 758
98 758
98 758
98 758
98 759
98 759
98 759
98 759
98 759
98 759
98 759
98 759
98 760
98 760
98 760
98 760
98 760
98 760
98 760
98 760
98 761
98 761
98 761
98 761
98 761
98 761
98 761
98 761
98 762
98 762
98 762
98 762
98 762
98 762
98 762
98 762
98 763
98 763
98 763
98 763
98 763
98 763
98 763
98 763
98 764
98 764
98 764
98 764
98 764
98 764
98 764
98 764
98 765
98 765
98 765
98 765
98 765
98 765
98 765
98 765
98 766
98 766
98 766
98 766
98 766
98 766
98 766
98 766
98 767
98 767
98 767
98 767
98 767
98 767
98 767
98 767
98 768
98 768
98 768
98 768
98 768
98 768
98 768
98 768
98 769
98 769
98 769
98 769
98 769
98 769
98 769
98 769
98 770
98 770
98 770
98 770
98 770
98 770
98 770
98 770
98 771
98 771
98 771
98 771
98 771
98 771
98 771
98 771
98 772
98 772
98 772
98 772
98 772
98 772
98 772
98 772
98 773
98 773
98 773
98 773
98 773
98 773
98 773
98 773
98 774
98 774
98 774
98 774
98 774
98 774
98 774
98 774
98 775
98 775
98 775
98 775
98 775
98 775
98 775
98 775
98 776
98 776
98 776
98 776
98 776
98 776
98 776
98 776
98 777
98 777
98 777
98 777
98 777
98 777
98 777
98 777
98 778
98 778
98 778
98 778
98 778
98 778
98 778
98 778
98 779
98 779
98 779
98 779
98 779
98 779
98 779
98 779
98 780
98 780
98 780
98 780
98 780
98 780
98 780
98 780
98 781
98 781
98 781
98 781
98 781
98 781
98 781
98 781
98 782
98 782
98 782
98 782
98 782
98 782
98 782
98 782
98 786
98 872
98 893
98 989
98 1026
98 1028
98 1031
98 1032
98 1037
98 1146
98 1146
98 1224
98 1275
98 1275
98 1401
99 502
99 618
99 648
99 675
99 679
99 680
99 684
99 695
99 738
100 699
100 732
101 648
102 618
102 699
102 699
102 701
102 732
103 160
103 160
103 267
103 424
103 424
103 424
103 424
103 429
103 429
103 463
103 463
103 539
103 539
103 540
103 540
103 617
103 617
103 618
103 618
103 618
103 620
103 637
103 650
103 650
103 655
103 655
103 655
103 675
103 715
103 803
103 814
103 815
103 882
103 988
103 1014
103 1071
103 1116
103 1116
103 1139
103 1152
103 1200
103 1203
103 1204
103 1205
103 1227
103 1247
103 1257
103 1257
103 1258
103 1259
103 1260
103 1261
103 1376
103 1384
104 680
104 687
105 661
106 317
106 576
106 576
106 617
106 617
106 617
106 618
106 618
106 648
106 650
106 650
106 650
106 663
106 667
106 669
106 675
106 675
106 679
106 679
106 695
106 805
106 820
106 821
106 822
106 823
106 824
106 825
106 826
107 533
107 807
108 687
109 168
109 819
109 996
110 617
110 618
110 619
111 617
111 620
111 635
111 648
111 650
111 650
111 650
111 663
111 667
111 669
111 675
111 675
111 679
111 679
111 680
111 695
111 820
111 821
111 822
111 823
111 824
111 825
111 826
112 660
113 827
113 827
113 827
113 828
113 828
114 562
114 785
114 789
114 792
114 828
114 829
114 830
114 831
114 832
114 833
114 834
114 835
114 836
114 837
114 838
114 839
114 840
114 841
114 842
114 843
114 844
114 845
114 846
114 847
114 848
114 849
114 850
114 851
114 852
114 853
114 854
114 855
114 856
114 857
115 424
115 424
115 452
115 570
115 593
115 618
115 620
115 620
115 623
115 631
115 641
115 650
115 670
115 675
115 732
115 802
115 819
115 825
115 877
115 885
115 946
115 997
115 998
115 999
115 1000
115 1001
115 1227
115 1303
115 1377
115 1379
115 1395
116 679
116 784
116 785
116 786
116 787
117 217
117 584
117 785
117 785
117 785
117 805
117 826
117 859
117 893
117 902
117 996
117 1040
117 1041
117 1042
117 1043
117 1044
117 1045
117 1046
117 1047
117 1049
117 1050
117 1082
118 124
118 617
118 860
119 687
120 648
121 695
122 620
122 622
122 650
123 617
123 618
123 619
124 523
124 574
124 617
124 650
124 675
124 676
124 679
124 680
124 683
124 699
124 825
124 860
125 617
125 618
125 619
125 690
126 168
126 251
126 344
126 409
126 525
126 578
126 676
126 679
126 679
126 699
126 715
126 784
126 785
126 786
126 787
126 888
126 1121
126 1143
126 1318
126 1319
126 1320
126 1321
126 1322
126 1323
126 1324
127 617
127 618
127 619
128 210
128 210
128 231
128 304
128 344
128 344
128 344
128 432
128 432
128 570
128 601
128 635
128 650
128 804
128 827
128 1096
128 1176
128 1331
128 1332
128 1333
128 1347
129 679
129 784
129 785
129 786
129 787
130 884
130 884
131 617
131 618
131 619
132 618
132 623
132 653
133 617
133 618
133 619
134 217
134 570
134 618
134 620
134 650
134 650
134 675
134 679
134 784
134 785
134 786
134 787
135 617
135 618
135 619
136 618
136 618
136 679
136 679
136 784
136 785
136 786
136 787
136 827
136 1229
137 617
137 618
137 619
138 679
138 784
138 785
138 786
138 787
139 617
139 618
139 619
139 623
139 785
139 889
140 617
140 618
140 619
141 617
141 618
141 619
141 890
142 167
142 500
142 679
142 784
142 785
142 785
142 786
142 787
142 891
142 892
142 893
142 913
143 635
144 695
144 814
145 617
145 618
145 627
145 628
145 630
145 631
145 895
146 896
147 617
147 618
147 619
148 648
149 409
149 506
149 560
149 615
149 732
149 897
150 170
150 170
150 170
150 170
150 170
150 170
150 170
150 506
150 525
150 582
150 582
150 582
150 582
150 582
150 680
150 715
150 784
150 891
150 898
150 899
150 900
150 901
150 902
150 903
150 904
150 905
150 906
150 907
150 908
150 909
151 635
151 910
151 910
152 617
152 618
152 619
153 426
153 679
153 784
153 785
153 786
153 787
154 199
154 223
154 223
154 223
154 223
154 436
154 620
154 623
154 630
154 641
154 676
154 703
154 703
154 703
154 703
154 703
154 703
154 714
154 718
154 722
154 723
154 724
154 725
154 726
154 727
154 728
154 728
154 728
154 728
154 728
154 728
154 728
154 729
154 730
154 758
154 758
154 758
154 758
154 758
154 775
154 775
154 775
154 775
154 775
154 782
154 782
154 782
154 782
154 782
154 799
154 810
154 825
154 936
154 936
154 936
154 936
154 936
154 946
154 961
154 961
154 961
154 961
154 961
154 964
154 964
154 964
154 964
154 964
154 1069
154 1069
154 1069
154 1069
154 1069
154 1198
154 1198
154 1198
154 1198
154 1198
154 1228
154 1228
154 1228
154 1228
154 1228
154 1229
154 1229
154 1229
154 1229
154 1229
154 1230
154 1230
154 1230
154 1230
154 1230
154 1231
154 1231
154 1231
154 1231
154 1231
154 1232
154 1232
154 1232
154 1232
154 1232
154 1233
154 1233
154 1233
154 1233
154 1233
154 1234
154 1234
154 1234
154 1234
154 1234
154 1276
155 617
155 618
155 619
156 648
157 911
157 911
158 912
159 679
159 784
159 785
159 786
159 787
160 702
161 617
161 617
161 618
161 618
161 619
161 619
162 868
162 914
162 915
163 166
163 166
164 166
164 166
165 617
165 618
165 619
166 166
166 166
167 500
168 211
168 251
168 409
168 463
168 500
168 570
168 570
168 570
168 576
168 576
168 576
168 584
168 584
168 584
168 584
168 584
168 584
168 584
168 617
168 618
168 618
168 618
168 620
168 620
168 620
168 620
168 623
168 623
168 623
168 623
168 631
168 631
168 631
168 641
168 641
168 641
168 650
168 650
168 650
168 650
168 652
168 676
168 676
168 676
168 676
168 676
168 679
168 679
168 686
168 728
168 728
168 728
168 728
168 728
168 728
168 728
168 728
168 728
168 728
168 728
168 728
168 728
168 728
168 728
168 728
168 728
168 785
168 785
168 791
168 802
168 802
168 802
168 805
168 805
168 805
168 805
168 805
168 893
168 893
168 902
168 902
168 902
168 902
168 902
168 946
168 946
168 946
168 988
168 988
168 988
168 988
168 997
168 997
168 997
168 998
168 998
168 998
168 999
168 999
168 999
168 1000
168 1000
168 1000
168 1001
168 1001
168 1001
168 1014
168 1039
168 1039
168 1039
168 1040
168 1040
168 1040
168 1040
168 1040
168 1041
168 1041
168 1041
168 1041
168 1041
168 1042
168 1042
168 1042
168 1042
168 1042
168 1043
168 1043
168 1043
168 1043
168 1043
168 1044
168 1044
168 1044
168 1044
168 1044
168 1045
168 1045
168 1045
168 1045
168 1045
168 1046
168 1046
168 1046
168 1046
168 1046
168 1047
168 1047
168 1047
168 1047
168 1047
168 1048
168 1048
168 1048
168 1048
168 1048
168 1049
168 1049
168 1049
168 1049
168 1049
168 1050
168 1050
168 1050
168 1050
168 1050
168 1069
168 1116
168 1128
168 1139
168 1140
168 1150
168 1150
168 1150
168 1150
168 1150
168 1150
168 1224
168 1281
168 1387
169 805
170 199
170 370
170 370
170 370
170 370
170 370
170 370
170 386
170 427
170 477
170 506
170 513
170 515
170 515
170 515
170 515
170 515
170 515
170 525
170 582
170 582
170 582
170 582
170 582
170 618
170 618
170 715
170 715
170 715
170 715
170 715
170 715
170 715
170 784
170 784
170 784
170 784
170 784
170 784
170 784
170 829
170 829
170 829
170 829
170 829
170 829
170 891
170 891
170 891
170 891
170 891
170 891
170 891
170 898
170 898
170 898
170 898
170 898
170 898
170 898
170 899
170 899
170 899
170 899
170 899
170 899
170 899
170 900
170 900
170 900
170 900
170 900
170 900
170 900
170 901
170 901
170 901
170 901
170 901
170 901
170 901
170 902
170 902
170 902
170 902
170 902
170 902
170 902
170 903
170 903
170 903
170 903
170 903
170 903
170 903
170 904
170 904
170 904
170 904
170 904
170 904
170 904
170 905
170 905
170 905
170 905
170 905
170 905
170 905
170 906
170 906
170 906
170 906
170 906
170 906
170 906
170 907
170 907
170 907
170 907
170 907
170 907
170 907
170 908
170 908
170 908
170 908
170 908
170 908
170 908
170 909
170 909
170 909
170 909
170 909
170 909
170 909
170 916
170 916
170 916
170 916
170 916
170 916
170 917
170 917
170 917
170 917
170 917
170 917
170 918
170 918
170 918
170 918
170 918
170 918
170 919
170 919
170 919
170 919
170 919
170 919
170 920
170 920
170 920
170 920
170 920
170 920
170 921
170 921
170 921
170 921
170 921
170 921
170 922
170 922
170 922
170 922
170 922
170 922
170 923
170 923
170 923
170 923
170 923
170 923
170 924
170 924
170 924
170 924
170 924
170 924
170 925
170 925
170 925
170 925
170 925
170 925
170 926
170 926
170 926
170 926
170 926
170 926
170 927
170 927
170 927
170 927
170 927
170 927
170 928
170 928
170 928
170 928
170 928
170 929
170 929
170 929
170 929
170 930
170 930
170 931
170 931
170 932
170 932
170 933
170 933
170 934
170 934
170 935
170 935
170 936
170 937
170 937
170 938
170 938
170 939
170 939
170 940
170 940
170 941
170 941
170 942
170 942
170 943
170 943
170 944
170 944
170 945
170 945
170 947
170 948
170 949
170 950
170 951
170 952
170 953
170 954
170 955
170 956
170 958
170 958
170 959
170 959
170 960
170 961
170 962
170 963
170 964
170 965
170 966
170 967
170 968
170 969
170 970
170 971
170 972
170 973
170 974
170 975
170 976
170 977
170 978
170 979
170 980
170 981
170 982
170 983
170 984
170 985
170 986
171 946
172 648
172 650
172 650
172 660
172 679
172 732
172 794
172 814
172 825
173 623
173 623
173 688
173 688
173 732
173 826
173 827
173 827
173 830
173 957
173 1094
173 1095
173 1096
173 1096
173 1345
173 1363
174 617
174 618
174 619
175 193
175 207
175 231
175 278
175 310
175 310
175 325
175 325
175 344
175 374
175 387
175 424
175 424
175 598
175 617
175 618
175 618
175 618
175 618
175 618
175 618
175 618
175 618
175 618
175 620
175 623
175 660
175 675
175 684
175 695
175 702
175 794
175 794
175 814
175 814
175 814
175 814
175 814
175 814
175 825
175 888
175 997
175 1002
175 1004
175 1036
175 1039
175 1053
175 1056
175 1148
175 1149
175 1195
175 1281
175 1406
176 617
176 618
176 619
177 617
177 618
177 619
178 620
178 650
179 278
179 338
179 344
179 359
179 401
179 403
179 403
179 403
179 403
179 403
179 403
179 403
179 439
179 457
179 648
179 987
180 623
180 653
181 251
181 251
181 988
182 679
182 784
182 785
182 786
182 787
183 620
183 814
183 989
184 617
184 618
184 619
185 617
185 618
185 619
186 675
187 225
187 463
187 559
187 620
187 695
187 732
187 825
187 865
187 1036
187 1299
188 617
188 618
188 619
189 688
190 623
190 641
190 649
190 990
190 991
190 992
190 993
190 994
191 348
191 814
192 344
192 995
193 463
193 576
193 617
193 617
193 617
193 618
193 618
193 620
193 620
193 620
193 620
193 620
193 623
193 631
193 641
193 641
193 650
193 650
193 650
193 650
193 650
193 663
193 667
193 669
193 675
193 676
193 679
193 679
193 680
193 728
193 784
193 785
193 794
193 802
193 820
193 821
193 822
193 823
193 824
193 825
193 826
193 946
193 976
193 988
193 996
193 997
193 998
193 999
193 1000
193 1001
193 1275
193 1275
194 695
195 211
195 617
195 617
195 618
195 618
195 650
196 197
196 799
197 799
198 1003
199 424
199 525
199 525
199 617
199 618
199 679
199 695
199 703
199 704
199 785
199 1004
199 1064
199 1196
199 1197
199 1198
199 1199
200 648
200 702
201 1005
201 1005
201 1006
201 1006
201 1007
201 1007
202 648
202 679
203 620
203 648
203 650
203 1008
203 1009
203 1010
203 1011
204 814
205 814
206 617
206 618
207 310
207 387
207 463
207 500
207 524
207 576
207 617
207 618
207 618
207 620
207 623
207 650
207 650
207 650
207 670
207 676
207 695
207 702
207 702
207 702
207 702
207 733
207 785
207 786
207 794
207 805
207 814
207 825
207 864
207 976
207 1012
207 1012
207 1012
207 1013
207 1013
207 1149
207 1152
207 1152
207 1187
207 1187
207 1187
207 1275
207 1285
208 211
208 617
208 617
208 617
208 618
208 618
208 618
208 618
208 618
208 650
208 650
208 654
208 667
208 679
208 684
208 1310
209 617
209 618
209 619
210 325
210 432
210 432
210 570
210 576
210 601
210 601
210 650
210 650
210 676
210 676
210 676
210 679
210 784
210 785
210 785
210 785
210 786
210 787
210 814
210 873
210 873
210 881
210 881
210 893
210 893
210 996
210 1014
210 1088
210 1088
210 1233
210 1233
210 1288
210 1288
210 1289
210 1289
210 1290
210 1290
210 1291
210 1291
210 1292
210 1292
210 1293
210 1293
211 283
211 617
211 617
211 618
211 618
212 317
212 570
212 648
212 660
212 990
212 1017
213 617
213 618
213 619
214 620
214 650
214 679
214 679
214 784
214 785
214 786
214 787
214 1133
215 1022
216 489
216 688
216 688
216 732
216 1023
217 251
217 308
217 426
217 495
217 618
218 617
218 618
218 619
219 733
219 1029
219 1029
219 1029
219 1149
219 1195
220 1030
221 584
221 620
221 623
221 630
221 631
221 641
221 650
221 676
221 688
221 802
221 805
221 805
221 886
221 902
221 946
221 996
221 997
221 998
221 999
221 1000
221 1001
221 1039
221 1040
221 1041
221 1042
221 1043
221 1044
221 1045
221 1046
221 1047
221 1048
221 1050
221 1139
221 1140
221 1183
222 679
223 304
223 570
223 618
223 618
223 620
223 648
223 648
223 650
223 654
223 675
223 684
223 702
223 702
223 703
223 703
223 715
223 758
223 758
223 775
223 775
223 782
223 782
223 814
223 814
223 936
223 936
223 961
223 961
223 964
223 964
223 996
223 996
223 1069
223 1069
223 1150
223 1150
223 1150
223 1150
223 1150
223 1150
223 1198
223 1198
223 1228
223 1228
223 1229
223 1229
223 1230
223 1230
223 1231
223 1231
223 1232
223 1232
223 1233
223 1233
223 1234
223 1234
223 1262
223 1340
224 617
224 618
224 619
225 317
225 344
225 386
225 405
225 409
225 506
225 558
225 559
225 570
225 574
225 606
225 814
226 617
226 618
226 619
227 490
227 617
227 618
227 1033
228 1034
229 882
230 675
231 251
231 278
231 325
231 371
231 424
231 424
231 424
231 424
231 486
231 500
231 500
231 506
231 506
231 506
231 524
231 524
231 524
231 531
231 586
231 586
231 586
231 617
231 617
231 617
231 618
231 618
231 618
231 618
231 618
231 618
231 620
231 623
231 630
231 630
231 630
231 630
231 641
231 641
231 641
231 641
231 648
231 660
231 676
231 676
231 676
231 676
231 702
231 702
231 715
231 715
231 715
231 733
231 794
231 799
231 799
231 799
231 799
231 799
231 810
231 810
231 810
231 810
231 814
231 814
231 814
231 814
231 814
231 815
231 882
231 888
231 946
231 946
231 946
231 946
231 1004
231 1004
231 1004
231 1012
231 1014
231 1014
231 1014
231 1014
231 1053
231 1056
231 1056
231 1056
231 1056
231 1056
231 1069
231 1069
231 1069
231 1070
231 1071
231 1146
231 1149
231 1149
231 1152
231 1195
231 1275
231 1276
231 1277
231 1346
232 278
232 287
232 299
232 322
232 325
232 338
232 344
232 346
232 346
232 365
232 373
232 409
232 410
232 461
232 461
232 474
232 618
232 650
232 670
232 676
232 680
232 680
232 680
232 686
232 687
232 738
232 785
232 1097
232 1098
232 1099
232 1100
232 1102
232 1149
232 1295
232 1295
233 679
233 784
233 785
233 786
233 787
234 618
234 648
235 617
235 618
235 619
236 617
236 618
236 618
236 620
236 623
236 648
236 648
236 648
236 650
236 654
236 660
236 661
236 670
236 680
236 685
236 702
236 702
236 732
236 733
236 733
236 866
236 867
236 868
236 869
236 1020
236 1188
236 1301
237 618
238 1038
239 617
239 618
239 619
240 618
241 650
242 584
242 650
242 650
242 679
242 679
242 784
242 785
242 785
242 786
242 787
242 805
242 893
242 902
242 996
242 1039
242 1040
242 1041
242 1042
242 1043
242 1044
242 1045
242 1046
242 1047
242 1048
242 1049
242 1050
243 1051
243 1052
244 618
244 648
244 675
245 617
245 618
245 619
246 680
247 648
247 1054
248 617
248 618
248 619
249 679
249 784
249 785
249 786
249 787
250 617
250 618
250 619
251 267
251 409
251 413
251 420
251 424
251 438
251 458
251 458
251 474
251 500
251 500
251 503
251 503
251 503
251 531
251 562
251 570
251 576
251 584
251 617
251 620
251 623
251 643
251 643
251 650
251 650
251 663
251 667
251 669
251 676
251 680
251 680
251 683
251 687
251 702
251 702
251 707
251 707
251 727
251 784
251 784
251 784
251 784
251 785
251 785
251 785
251 786
251 786
251 789
251 792
251 792
251 793
251 805
251 820
251 821
251 822
251 823
251 824
251 824
251 825
251 826
251 828
251 829
251 831
251 832
251 833
251 834
251 835
251 836
251 837
251 838
251 839
251 840
251 841
251 873
251 891
251 893
251 902
251 905
251 905
251 916
251 968
251 968
251 969
251 976
251 976
251 981
251 996
251 1023
251 1023
251 1040
251 1041
251 1042
251 1043
251 1044
251 1044
251 1045
251 1046
251 1047
251 1048
251 1049
251 1050
251 1055
251 1055
251 1058
251 1059
251 1060
251 1061
251 1061
251 1062
251 1063
251 1064
251 1065
251 1066
251 1067
251 1082
251 1082
251 1083
251 1084
251 1085
251 1086
251 1087
251 1088
251 1089
251 1090
251 1091
251 1092
251 1093
251 1120
251 1122
251 1133
251 1168
251 1196
251 1207
251 1207
251 1208
251 1208
251 1209
251 1209
251 1210
251 1210
251 1211
251 1211
251 1212
251 1212
251 1213
251 1213
251 1214
251 1214
251 1215
251 1215
251 1216
251 1216
251 1217
251 1217
251 1218
251 1218
251 1219
251 1219
251 1220
251 1220
251 1221
251 1221
251 1235
251 1236
251 1237
251 1238
251 1239
251 1240
251 1241
251 1242
251 1243
251 1244
251 1245
251 1246
251 1282
251 1283
251 1284
251 1399
252 1057
253 648
253 648
253 687
254 670
255 617
255 618
255 619
256 648
257 1038
258 685
258 1068
259 618
259 630
259 630
259 648
259 648
259 648
259 649
259 868
260 617
260 618
260 619
261 617
261 617
261 618
261 618
261 619
261 619
262 617
262 618
262 619
263 680
264 617
264 618
264 619
265 617
265 618
265 619
266 617
266 618
266 619
267 617
267 618
267 618
267 618
267 675
267 684
267 789
267 791
267 814
268 620
268 620
268 623
268 631
268 641
268 650
268 650
268 650
268 802
268 946
268 997
268 998
268 999
268 1000
268 1001
269 650
269 1072
269 1074
269 1075
269 1076
269 1077
270 618
270 648
270 814
270 1073
271 617
271 618
271 619
272 617
272 618
272 619
273 814
274 617
274 618
274 619
275 618
276 617
276 618
276 1078
276 1079
277 1080
278 346
278 403
278 436
278 461
278 613
278 617
278 618
278 618
278 618
278 620
278 620
278 620
278 623
278 641
278 648
278 648
278 650
278 650
278 650
278 661
278 668
278 670
278 670
278 676
278 679
278 680
278 702
278 745
278 785
278 814
278 814
278 872
278 873
278 874
278 875
278 876
278 893
278 893
278 996
278 997
278 1012
278 1016
278 1036
278 1056
278 1069
278 1081
278 1097
278 1098
278 1099
278 1100
278 1102
278 1118
278 1133
278 1149
278 1150
278 1192
278 1192
278 1275
278 1276
278 1277
278 1285
279 618
280 680
281 679
281 784
281 785
281 786
281 787
282 635
282 684
283 617
283 618
284 648
285 617
285 618
285 619
285 690
286 440
286 617
286 618
286 619
287 346
287 461
287 650
287 670
287 676
287 680
287 785
287 1097
287 1098
287 1099
287 1100
288 618
289 688
290 617
290 618
290 619
291 650
291 679
291 695
291 699
291 699
291 1035
291 1035
292 617
292 618
292 619
293 617
293 618
293 619
294 617
294 618
294 619
295 617
295 618
295 619
296 617
296 618
297 617
297 618
297 619
298 617
298 618
298 619
299 346
299 461
299 584
299 650
299 670
299 676
299 676
299 680
299 785
299 805
299 902
299 996
299 1040
299 1041
299 1042
299 1043
299 1044
299 1045
299 1046
299 1047
299 1048
299 1049
299 1050
299 1097
299 1098
299 1099
299 1100
299 1102
299 1116
300 377
300 620
300 620
300 620
300 630
300 648
300 648
300 684
300 868
300 868
301 617
301 618
301 619
302 617
302 618
302 619
303 606
303 748
303 785
303 787
303 923
303 1104
303 1105
303 1106
303 1107
303 1108
303 1109
303 1110
303 1111
303 1112
303 1113
303 1114
304 344
304 344
304 371
304 371
304 371
304 570
304 618
304 635
304 642
304 648
304 648
304 650
304 676
304 699
304 699
304 728
304 732
304 732
304 810
304 866
304 888
304 916
304 996
304 1028
304 1031
304 1031
304 1035
304 1115
304 1115
304 1131
304 1201
304 1262
305 617
305 618
305 619
306 702
306 1117
306 1118
307 702
307 1119
308 426
308 426
308 427
308 427
308 427
308 514
308 514
308 578
308 676
308 676
308 785
308 785
308 864
308 864
308 877
308 877
308 880
308 880
308 881
308 881
308 885
308 885
308 921
308 929
308 968
308 981
308 1058
308 1058
308 1065
308 1065
308 1091
308 1120
308 1121
308 1122
308 1123
308 1124
308 1125
308 1126
308 1127
308 1128
308 1129
308 1130
308 1133
308 1134
308 1134
308 1135
308 1135
308 1136
308 1136
308 1137
308 1137
309 617
309 618
309 619
310 325
310 325
310 570
310 785
310 814
310 1082
310 1116
311 617
311 618
311 619
312 325
312 365
312 458
312 560
312 560
312 586
312 617
312 618
312 650
312 650
312 650
312 650
312 665
312 675
312 676
312 676
312 676
312 676
312 695
312 695
312 695
312 702
312 702
312 733
312 733
312 733
312 785
312 785
312 785
312 786
312 786
312 786
312 805
312 814
312 814
312 814
312 814
312 820
312 825
312 825
312 825
312 825
312 841
312 930
312 976
312 976
312 976
312 988
312 988
312 1016
312 1132
312 1141
312 1142
312 1143
312 1144
312 1145
312 1146
312 1147
312 1148
312 1149
312 1192
312 1281
312 1386
312 1396
313 344
313 570
313 648
313 901
313 1180
314 680
315 680
316 618
316 623
316 910
317 371
317 421
317 440
317 500
317 500
317 548
317 570
317 618
317 618
317 618
317 620
317 620
317 623
317 631
317 635
317 641
317 648
317 648
317 648
317 648
317 648
317 649
317 650
317 650
317 650
317 650
317 670
317 670
317 675
317 679
317 679
317 679
317 679
317 680
317 680
317 683
317 684
317 684
317 688
317 688
317 689
317 702
317 726
317 731
317 732
317 739
317 740
317 742
317 743
317 745
317 746
317 748
317 749
317 750
317 751
317 752
317 753
317 754
317 755
317 756
317 757
317 758
317 759
317 760
317 761
317 762
317 763
317 764
317 765
317 766
317 767
317 768
317 769
317 770
317 771
317 772
317 773
317 774
317 775
317 776
317 777
317 778
317 779
317 780
317 781
317 782
317 799
317 802
317 814
317 814
317 814
317 829
317 901
317 901
317 946
317 997
317 998
317 999
317 1000
317 1001
317 1031
317 1116
317 1132
317 1132
317 1151
317 1181
317 1192
317 1275
317 1280
317 1281
318 617
318 618
318 619
319 617
319 618
319 619
320 617
320 618
320 619
321 680
321 1138
322 346
322 461
322 617
322 618
322 618
322 650
322 670
322 676
322 679
322 680
322 699
322 785
322 814
322 1035
322 1097
322 1098
322 1099
322 1100
322 1102
323 617
323 618
323 619
324 680
324 1150
325 344
325 344
325 344
325 346
325 370
325 374
325 387
325 424
325 424
325 442
325 461
325 500
325 500
325 560
325 576
325 589
325 617
325 617
325 617
325 617
325 618
325 618
325 618
325 618
325 620
325 620
325 620
325 620
325 620
325 620
325 623
325 623
325 623
325 623
325 630
325 631
325 641
325 641
325 641
325 648
325 650
325 650
325 650
325 650
325 650
325 661
325 663
325 667
325 669
325 670
325 670
325 675
325 676
325 679
325 679
325 680
325 680
325 702
325 702
325 732
325 760
325 785
325 794
325 794
325 794
325 799
325 802
325 810
325 810
325 814
325 814
325 820
325 821
325 822
325 823
325 824
325 825
325 826
325 883
325 893
325 946
325 946
325 988
325 988
325 997
325 997
325 998
325 999
325 1000
325 1001
325 1004
325 1012
325 1012
325 1012
325 1039
325 1040
325 1056
325 1097
325 1098
325 1099
325 1100
325 1102
325 1116
325 1116
325 1149
325 1187
325 1194
325 1194
325 1242
325 1275
325 1275
325 1281
325 1285
325 1285
325 1285
325 1386
325 1386
325 1393
325 1394
326 617
326 618
326 619
327 617
327 618
327 619
328 617
328 618
328 619
329 617
329 618
330 617
330 618
330 619
331 679
331 784
331 785
331 785
331 786
331 787
332 675
333 699
333 732
334 679
335 827
336 344
336 510
336 679
336 784
336 785
336 786
336 787
337 618
337 618
337 630
337 657
337 658
337 684
337 685
337 687
337 688
337 732
337 790
337 819
338 346
338 403
338 403
338 461
338 562
338 576
338 576
338 576
338 602
338 613
338 617
338 618
338 618
338 620
338 648
338 650
338 650
338 650
338 650
338 650
338 660
338 668
338 670
338 675
338 675
338 675
338 676
338 679
338 679
338 679
338 680
338 684
338 702
338 702
338 745
338 785
338 785
338 789
338 792
338 814
338 828
338 829
338 831
338 832
338 833
338 834
338 835
338 836
338 837
338 838
338 839
338 840
338 841
338 872
338 873
338 874
338 875
338 876
338 1097
338 1098
338 1099
338 1100
338 1101
338 1102
339 617
339 618
339 619
340 617
340 618
340 619
341 617
341 618
341 619
342 617
342 618
342 619
343 617
343 618
343 619
344 346
344 374
344 387
344 394
344 394
344 403
344 424
344 461
344 500
344 500
344 502
344 559
344 570
344 570
344 576
344 578
344 613
344 617
344 617
344 617
344 617
344 617
344 618
344 618
344 618
344 618
344 618
344 618
344 618
344 618
344 618
344 618
344 618
344 618
344 618
344 618
344 620
344 620
344 620
344 620
344 620
344 620
344 620
344 620
344 620
344 623
344 623
344 623
344 623
344 623
344 623
344 623
344 630
344 630
344 631
344 635
344 641
344 641
344 641
344 641
344 648
344 648
344 648
344 648
344 648
344 648
344 648
344 648
344 648
344 650
344 650
344 650
344 650
344 650
344 650
344 650
344 650
344 650
344 650
344 661
344 663
344 667
344 668
344 669
344 670
344 670
344 670
344 675
344 675
344 676
344 676
344 676
344 679
344 679
344 679
344 679
344 679
344 679
344 680
344 680
344 680
344 680
344 680
344 684
344 684
344 684
344 684
344 687
344 687
344 688
344 688
344 688
344 688
344 699
344 702
344 702
344 702
344 702
344 702
344 702
344 715
344 732
344 732
344 732
344 745
344 760
344 784
344 785
344 785
344 786
344 787
344 794
344 794
344 799
344 799
344 799
344 802
344 805
344 810
344 810
344 810
344 810
344 810
344 814
344 814
344 814
344 814
344 814
344 814
344 814
344 814
344 820
344 821
344 822
344 823
344 824
344 825
344 825
344 825
344 826
344 826
344 836
344 862
344 863
344 863
344 864
344 872
344 873
344 874
344 875
344 876
344 882
344 883
344 885
344 888
344 893
344 910
344 910
344 916
344 916
344 946
344 946
344 946
344 958
344 959
344 969
344 979
344 988
344 997
344 997
344 998
344 999
344 1000
344 1001
344 1004
344 1012
344 1012
344 1012
344 1012
344 1012
344 1014
344 1015
344 1016
344 1016
344 1016
344 1031
344 1039
344 1039
344 1040
344 1053
344 1056
344 1067
344 1097
344 1098
344 1099
344 1100
344 1101
344 1102
344 1118
344 1121
344 1143
344 1172
344 1175
344 1178
344 1180
344 1181
344 1191
344 1191
344 1191
344 1191
344 1192
344 1192
344 1193
344 1193
344 1194
344 1194
344 1194
344 1194
344 1209
344 1242
344 1275
344 1275
344 1275
344 1276
344 1279
344 1285
344 1285
344 1312
344 1318
344 1319
344 1320
344 1321
344 1322
344 1323
344 1324
344 1350
344 1351
344 1352
344 1353
344 1354
344 1386
345 650
345 679
345 784
345 785
345 786
345 787
346 365
346 373
346 409
346 410
346 461
346 461
346 474
346 650
346 650
346 670
346 676
346 680
346 785
346 1097
346 1098
346 1099
346 1100
346 1102
347 617
347 618
347 619
348 515
348 524
348 562
348 570
348 576
348 606
348 784
348 785
348 809
348 810
348 812
348 813
348 814
348 815
348 816
348 817
348 818
348 968
348 976
348 1065
348 1153
348 1154
348 1155
348 1156
348 1157
348 1158
348 1159
348 1160
348 1161
348 1162
348 1163
348 1164
348 1165
348 1166
348 1167
348 1168
348 1169
348 1170
348 1171
348 1172
348 1173
349 1174
350 576
350 618
351 617
351 618
351 619
352 618
352 814
352 1015
352 1016
353 617
353 617
353 618
353 618
353 619
353 619
354 675
355 679
355 784
355 785
355 786
355 787
356 617
356 618
356 619
357 648
357 677
357 910
357 1179
358 679
359 385
359 385
359 403
359 613
359 635
359 648
359 648
359 648
359 650
359 668
359 732
359 745
359 872
359 873
359 874
359 875
359 876
359 1267
359 1299
360 368
360 679
360 784
360 785
360 786
360 787
361 617
361 618
361 619
362 424
362 424
362 424
362 500
362 570
362 617
362 617
362 618
362 618
362 680
362 684
362 814
362 815
362 815
362 862
362 862
362 1004
362 1004
362 1023
362 1023
362 1182
362 1233
362 1233
362 1257
362 1326
362 1327
362 1337
362 1337
363 1184
363 1184
363 1185
364 405
364 679
364 784
364 785
364 786
364 787
364 861
365 458
365 458
365 461
365 479
365 650
365 650
365 665
365 670
365 676
365 680
365 702
365 785
365 820
365 825
365 988
365 1097
365 1098
365 1099
365 1100
365 1102
365 1132
365 1141
365 1142
365 1143
365 1144
365 1145
365 1146
365 1147
365 1148
365 1149
366 679
366 784
366 785
366 786
366 787
367 679
367 814
367 1170
368 679
368 784
368 785
368 786
368 787
368 861
369 675
369 814
370 506
370 525
370 582
370 582
370 582
370 582
370 582
370 618
370 648
370 648
370 648
370 675
370 1012
371 650
371 679
371 702
371 784
371 784
371 785
371 786
371 787
371 1294
372 648
373 461
373 650
373 670
373 676
373 680
373 785
373 1097
373 1098
373 1099
373 1100
373 1102
374 426
374 620
374 620
374 620
374 623
374 623
374 623
374 631
374 641
374 650
374 650
374 802
374 814
374 946
374 997
374 997
374 997
374 998
374 999
374 1000
374 1001
374 1116
374 1146
375 648
375 1188
376 576
376 617
376 618
376 684
376 916
376 1267
377 648
377 684
378 620
379 650
380 680
380 699
380 699
380 732
380 732
381 387
382 679
383 702
383 1189
384 680
385 916
386 582
386 676
386 1190
387 481
387 586
387 608
387 618
387 688
387 733
387 814
387 1015
387 1016
387 1303
388 617
388 618
389 659
390 687
391 395
391 395
391 680
391 680
392 500
392 500
392 648
392 659
392 675
392 679
392 731
393 1194
394 586
394 1195
394 1200
395 559
395 675
395 675
395 680
395 680
395 680
395 805
395 1201
395 1201
395 1287
396 684
396 708
397 650
397 785
397 893
398 679
398 784
398 785
398 786
398 787
399 617
399 618
399 1202
400 618
400 686
401 403
401 570
401 613
401 650
401 650
401 668
401 745
401 785
401 872
401 873
401 874
401 875
401 876
401 893
402 814
403 439
403 457
403 613
403 613
403 613
403 613
403 613
403 613
403 613
403 650
403 650
403 650
403 650
403 650
403 650
403 650
403 668
403 668
403 668
403 668
403 668
403 668
403 668
403 745
403 745
403 745
403 745
403 745
403 745
403 745
403 815
403 815
403 871
403 872
403 872
403 872
403 872
403 872
403 872
403 872
403 873
403 873
403 873
403 873
403 873
403 873
403 873
403 874
403 874
403 874
403 874
403 874
403 874
403 874
403 875
403 875
403 875
403 875
403 875
403 875
403 875
403 876
403 876
403 876
403 876
403 876
403 876
403 876
403 1168
403 1223
404 680
405 570
405 576
405 618
405 618
405 620
405 623
405 648
405 648
405 650
405 650
405 675
405 679
405 679
405 679
405 679
405 680
405 680
405 684
405 784
405 785
405 786
405 787
405 794
405 814
406 618
406 623
406 910
407 1185
407 1206
408 648
408 684
409 461
409 584
409 650
409 670
409 676
409 676
409 680
409 732
409 785
409 805
409 902
409 939
409 996
409 1040
409 1041
409 1042
409 1043
409 1044
409 1045
409 1046
409 1047
409 1048
409 1049
409 1050
409 1097
409 1098
409 1099
409 1100
409 1102
410 461
410 650
410 670
410 676
410 680
410 785
410 1097
410 1098
410 1099
410 1100
410 1102
411 618
411 623
411 805
411 910
411 1012
411 1297
412 618
412 620
412 648
412 648
412 648
412 660
412 675
413 699
413 699
413 732
413 732
413 1126
413 1126
414 506
414 561
414 570
414 570
414 570
414 586
414 635
414 635
414 648
414 648
414 648
414 670
414 687
414 688
414 814
414 1361
415 648
415 814
416 814
416 1071
417 679
417 679
417 784
417 784
417 785
417 785
417 786
417 786
417 787
417 787
417 1222
417 1222
418 688
418 732
419 679
419 784
419 785
419 786
419 787
420 426
420 826
420 996
420 1150
421 440
421 440
421 440
421 440
421 528
421 528
421 528
421 528
421 531
421 531
421 618
421 623
421 630
421 630
421 680
421 689
421 689
421 689
421 689
421 689
421 689
421 726
421 726
421 739
421 739
421 740
421 740
421 742
421 742
421 743
421 743
421 745
421 745
421 746
421 746
421 748
421 748
421 749
421 749
421 750
421 750
421 751
421 751
421 752
421 752
421 753
421 753
421 754
421 754
421 755
421 755
421 756
421 756
421 757
421 757
421 758
421 758
421 759
421 759
421 760
421 760
421 761
421 761
421 762
421 762
421 763
421 763
421 764
421 764
421 765
421 765
421 766
421 766
421 767
421 767
421 768
421 768
421 769
421 769
421 770
421 770
421 771
421 771
421 772
421 772
421 773
421 773
421 774
421 774
421 775
421 775
421 776
421 776
421 777
421 777
421 778
421 778
421 779
421 779
421 780
421 780
421 781
421 781
421 782
421 782
421 1201
421 1274
422 648
422 1225
423 623
423 869
423 1226
424 483
424 483
424 574
424 617
424 617
424 617
424 617
424 617
424 617
424 617
424 617
424 617
424 617
424 617
424 617
424 617
424 617
424 617
424 617
424 617
424 617
424 617
424 618
424 618
424 618
424 618
424 618
424 618
424 618
424 618
424 618
424 618
424 618
424 618
424 618
424 618
424 618
424 618
424 618
424 618
424 618
424 620
424 620
424 637
424 648
424 650
424 650
424 660
424 679
424 680
424 689
424 715
424 715
424 731
424 794
424 814
424 823
424 877
424 877
424 1004
424 1004
424 1004
424 1004
424 1004
424 1004
424 1004
424 1004
424 1004
424 1004
424 1004
424 1004
424 1004
424 1004
424 1004
424 1004
424 1004
424 1004
424 1004
424 1023
424 1023
424 1078
424 1118
424 1118
424 1133
424 1139
424 1149
424 1152
424 1152
424 1195
424 1227
424 1227
424 1227
424 1227
424 1227
424 1227
424 1229
424 1233
424 1233
424 1257
424 1300
424 1304
424 1357
424 1359
424 1360
425 620
425 648
425 650
426 427
426 427
426 514
426 562
426 570
426 576
426 576
426 584
426 632
426 676
426 683
426 699
426 705
426 706
426 708
426 784
426 784
426 785
426 785
426 785
426 786
426 789
426 792
426 792
426 805
426 826
426 828
426 829
426 831
426 832
426 833
426 834
426 835
426 836
426 837
426 838
426 839
426 840
426 841
426 864
426 873
426 873
426 877
426 880
426 881
426 885
426 893
426 902
426 928
426 931
426 968
426 976
426 976
426 996
426 1040
426 1041
426 1042
426 1043
426 1044
426 1045
426 1046
426 1047
426 1048
426 1049
426 1050
426 1055
426 1058
426 1064
426 1065
426 1072
426 1120
426 1121
426 1122
426 1123
426 1133
426 1134
426 1135
426 1136
426 1137
426 1155
426 1236
426 1248
426 1249
426 1250
426 1251
426 1252
426 1253
426 1254
426 1255
426 1256
426 1256
426 1264
426 1265
426 1266
426 1267
426 1268
426 1269
426 1270
426 1271
426 1272
426 1273
426 1319
427 506
427 514
427 582
427 648
427 650
427 650
427 676
427 676
427 695
427 733
427 785
427 785
427 786
427 814
427 814
427 825
427 829
427 864
427 877
427 880
427 881
427 885
427 893
427 893
427 976
427 1058
427 1065
427 1133
427 1134
427 1135
427 1136
427 1137
427 1187
427 1194
428 641
429 637
430 500
430 679
431 431
431 431
432 432
432 601
432 601
432 601
432 676
432 676
432 814
432 873
432 873
432 881
432 881
432 988
432 988
432 1016
432 1088
432 1088
432 1233
432 1233
432 1288
432 1288
432 1289
432 1289
432 1290
432 1290
432 1291
432 1291
432 1292
432 1292
432 1293
432 1293
433 679
434 684
435 679
435 784
435 785
435 786
435 787
436 443
436 443
436 443
436 443
436 506
436 506
436 555
436 555
436 586
436 586
436 618
436 620
436 675
436 676
436 680
436 684
436 715
436 733
436 733
436 733
436 733
436 733
436 733
436 733
436 733
436 814
436 815
436 880
436 996
436 1014
436 1036
436 1036
436 1036
436 1181
436 1229
436 1257
436 1257
436 1257
436 1257
436 1257
436 1257
436 1257
436 1257
436 1257
436 1278
436 1382
436 1388
436 1388
436 1392
437 618
437 687
437 796
438 679
438 784
438 785
438 786
438 787
439 613
439 650
439 745
439 872
439 873
439 874
439 875
439 876
440 618
440 623
440 630
440 868
441 618
441 620
441 623
441 631
441 641
441 648
441 648
441 650
441 680
441 687
441 688
441 732
441 796
441 802
441 946
441 997
441 998
441 999
441 1000
441 1001
442 500
442 617
442 620
442 620
442 623
442 630
442 641
442 641
442 650
442 663
442 667
442 669
442 785
442 799
442 810
442 820
442 821
442 822
442 823
442 824
442 825
442 826
442 829
442 864
442 893
442 946
442 976
442 1012
442 1012
442 1012
442 1242
443 660
443 996
443 1014
443 1150
444 684
445 618
446 699
446 732
446 1201
447 688
447 732
448 679
448 784
448 785
448 786
448 787
449 620
449 650
450 618
450 679
451 451
451 679
451 784
451 785
451 786
451 787
451 1066
452 524
452 910
453 1185
454 635
455 679
456 827
456 827
457 570
457 613
457 617
457 618
457 620
457 623
457 631
457 641
457 650
457 650
457 650
457 668
457 745
457 802
457 872
457 873
457 874
457 875
457 876
457 946
457 997
457 998
457 999
457 1000
457 1001
457 1118
458 479
458 650
458 665
458 702
458 820
458 825
458 988
458 1132
458 1141
458 1142
458 1143
458 1144
458 1145
458 1146
458 1147
458 1148
458 1149
459 688
459 732
460 679
460 784
460 785
460 786
460 787
461 474
461 650
461 670
461 676
461 680
461 785
461 1097
461 1098
461 1099
461 1100
461 1102
462 487
462 617
462 620
462 620
462 650
462 650
462 663
462 667
462 669
462 820
462 821
462 822
462 823
462 824
462 825
462 826
462 1039
462 1336
463 524
463 533
463 570
463 620
463 620
463 635
463 648
463 650
463 655
463 670
463 675
463 679
463 679
463 679
463 680
463 680
463 684
463 702
463 732
463 1036
463 1152
463 1257
463 1280
463 1296
463 1299
463 1308
464 1118
465 630
465 630
465 648
465 648
465 687
465 868
465 1302
466 679
466 679
466 784
466 784
466 785
466 785
466 786
466 786
466 787
466 787
466 976
467 679
467 784
467 785
467 786
467 787
468 679
468 784
468 785
468 786
468 787
469 679
469 1286
470 715
470 814
470 1114
471 618
472 814
472 814
473 617
474 650
474 670
474 676
474 679
474 680
474 784
474 785
474 785
474 785
474 786
474 787
474 1082
474 1097
474 1098
474 1099
474 1100
474 1102
475 648
475 648
475 684
475 687
476 946
477 525
477 679
477 784
477 785
477 786
477 787
478 675
479 650
479 665
479 702
479 825
479 988
479 1132
479 1141
479 1142
479 1143
479 1144
479 1145
479 1146
479 1147
479 1148
479 1149
480 660
480 660
480 688
480 732
480 1056
481 618
481 814
481 1015
481 1016
482 660
482 1305
482 1306
483 618
484 618
484 623
484 868
484 997
484 1307
485 679
486 679
487 617
487 618
488 618
488 648
488 650
488 785
488 893
488 916
488 1355
489 785
489 976
490 617
490 617
490 617
490 617
490 618
490 618
490 618
490 618
490 699
490 732
490 814
490 1002
490 1033
490 1362
490 1375
491 1309
492 618
492 635
493 620
493 650
494 576
494 617
494 617
494 618
494 618
494 620
494 620
494 648
494 650
494 650
494 663
494 667
494 669
494 670
494 680
494 684
494 814
494 814
494 814
494 820
494 821
494 822
494 823
494 824
494 825
494 826
494 826
494 893
494 1012
494 1016
494 1039
494 1194
494 1279
494 1311
494 1313
495 784
495 785
495 893
495 969
495 1064
495 1120
495 1122
495 1123
495 1133
495 1155
495 1236
495 1256
495 1312
495 1338
495 1339
496 618
497 679
497 784
497 785
497 786
497 787
498 886
498 886
499 675
500 506
500 520
500 586
500 620
500 620
500 620
500 620
500 620
500 620
500 620
500 620
500 620
500 620
500 620
500 623
500 623
500 623
500 623
500 623
500 623
500 623
500 623
500 623
500 623
500 623
500 868
500 1133
500 1152
500 1152
500 1328
500 1329
500 1400
501 670
501 916
502 618
503 679
503 784
503 785
503 786
503 787
504 650
504 679
504 784
504 785
504 785
504 786
504 787
504 893
505 618
505 732
505 882
505 996
506 515
506 520
506 576
506 586
506 618
506 618
506 620
506 620
506 620
506 620
506 623
506 630
506 631
506 641
506 648
506 648
506 648
506 648
506 650
506 650
506 670
506 675
506 676
506 676
506 684
506 686
506 688
506 715
506 728
506 731
506 732
506 732
506 732
506 732
506 733
506 784
506 802
506 814
506 825
506 825
506 829
506 863
506 886
506 891
506 898
506 899
506 900
506 901
506 902
506 903
506 904
506 905
506 906
506 907
506 908
506 909
506 916
506 917
506 918
506 919
506 920
506 921
506 922
506 923
506 924
506 925
506 926
506 927
506 928
506 929
506 946
506 958
506 959
506 964
506 965
506 966
506 967
506 968
506 969
506 970
506 971
506 972
506 973
506 974
506 975
506 976
506 988
506 997
506 998
506 999
506 1000
506 1001
506 1036
506 1116
506 1293
506 1330
506 1343
506 1358
507 629
508 680
509 675
510 617
510 650
510 650
510 650
510 650
510 650
510 660
510 663
510 667
510 669
510 676
510 676
510 676
510 676
510 679
510 695
510 695
510 695
510 695
510 733
510 733
510 733
510 733
510 784
510 785
510 785
510 785
510 785
510 785
510 786
510 786
510 786
510 786
510 786
510 787
510 814
510 814
510 814
510 814
510 820
510 821
510 822
510 823
510 824
510 825
510 825
510 825
510 825
510 825
510 826
510 863
510 976
510 976
510 976
510 976
511 618
511 632
511 679
512 576
512 680
512 1379
513 525
513 679
513 784
513 785
513 786
513 787
514 679
514 784
514 785
514 786
514 787
515 525
515 582
515 582
515 582
515 582
515 582
515 618
515 685
515 732
515 869
515 1020
515 1188
515 1301
516 996
516 996
516 996
516 996
516 1014
516 1014
516 1014
516 1014
516 1224
516 1224
516 1224
516 1224
516 1224
516 1224
517 1334
518 618
518 649
518 660
518 1335
519 679
521 570
521 620
521 648
521 648
521 650
521 675
521 679
521 679
521 684
522 688
522 732
522 732
523 570
523 570
523 570
523 618
523 648
523 650
523 650
523 660
523 675
523 679
523 679
523 684
523 687
523 910
523 1121
523 1344
524 570
524 586
524 618
524 670
524 676
524 814
524 1152
524 1383
524 1383
525 705
525 706
525 706
525 715
525 784
525 829
525 891
525 898
525 898
525 899
525 900
525 901
525 902
525 903
525 904
525 905
525 906
525 907
525 908
525 909
525 916
525 917
525 918
525 919
525 920
525 921
525 922
525 923
525 924
525 925
525 926
525 927
525 928
525 977
525 978
525 979
525 980
525 981
525 981
525 982
525 983
525 984
525 986
525 1133
525 1249
525 1290
525 1367
525 1368
525 1369
525 1370
525 1371
525 1372
525 1373
525 1374
526 1341
527 639
527 895
527 1342
528 576
528 617
528 617
528 617
528 617
528 618
528 620
528 623
528 641
528 679
528 689
528 689
528 689
528 689
528 726
528 726
528 726
528 726
528 739
528 739
528 739
528 739
528 740
528 740
528 740
528 740
528 742
528 742
528 742
528 742
528 743
528 743
528 743
528 743
528 745
528 745
528 745
528 745
528 746
528 746
528 746
528 746
528 748
528 748
528 748
528 748
528 749
528 749
528 749
528 749
528 750
528 750
528 750
528 750
528 751
528 751
528 751
528 751
528 752
528 752
528 752
528 752
528 753
528 753
528 753
528 753
528 754
528 754
528 754
528 754
528 755
528 755
528 755
528 755
528 756
528 756
528 756
528 756
528 757
528 757
528 757
528 757
528 758
528 758
528 758
528 758
528 759
528 759
528 759
528 759
528 761
528 761
528 761
528 761
528 762
528 762
528 762
528 762
528 763
528 763
528 763
528 763
528 764
528 764
528 764
528 764
528 765
528 765
528 765
528 765
528 766
528 766
528 766
528 766
528 767
528 767
528 767
528 767
528 768
528 768
528 768
528 768
528 769
528 769
528 769
528 769
528 770
528 770
528 770
528 770
528 771
528 771
528 771
528 771
528 772
528 772
528 772
528 772
528 773
528 773
528 773
528 773
528 774
528 774
528 774
528 774
528 775
528 775
528 775
528 775
528 776
528 776
528 776
528 776
528 777
528 777
528 777
528 777
528 778
528 778
528 778
528 778
528 779
528 779
528 779
528 779
528 780
528 780
528 780
528 780
528 781
528 781
528 781
528 781
528 782
528 782
528 782
528 782
528 814
528 814
528 893
528 988
528 997
528 1149
528 1285
528 1386
528 1407
529 814
530 620
530 641
530 815
530 1242
531 689
531 726
531 739
531 740
531 742
531 743
531 745
531 746
531 748
531 749
531 750
531 751
531 752
531 753
531 754
531 755
531 756
531 757
531 758
531 759
531 760
531 761
531 762
531 763
531 764
531 765
531 766
531 767
531 768
531 769
531 770
531 771
531 772
531 773
531 774
531 775
531 776
531 777
531 778
531 779
531 780
531 781
531 782
531 1356
532 679
532 889
533 679
533 784
533 785
533 786
533 787
534 620
534 648
534 650
534 679
534 679
534 684
535 1364
535 1365
535 1366
536 680
537 679
537 784
537 785
537 786
537 787
538 637
538 660
541 675
541 679
541 1380
542 675
542 1280
543 675
543 679
544 670
544 785
544 976
545 901
545 1280
546 618
546 679
546 679
546 784
546 785
546 786
546 787
547 618
548 650
549 679
549 784
549 785
549 786
549 787
550 679
550 784
550 785
550 786
550 787
550 1127
551 618
551 620
551 814
551 1015
551 1016
551 1036
552 679
552 784
552 785
552 786
552 787
552 1155
553 620
553 660
554 679
554 784
554 785
554 786
554 787
556 1014
556 1381
557 648
558 576
558 617
558 617
558 618
558 618
558 648
558 650
558 663
558 667
558 669
558 675
558 680
558 814
558 814
558 814
558 814
558 820
558 821
558 822
558 823
558 824
558 825
558 826
558 1146
558 1181
558 1386
559 680
560 576
560 576
560 617
560 617
560 617
560 617
560 618
560 618
560 618
560 618
560 620
560 641
560 648
560 648
560 648
560 650
560 650
560 660
560 663
560 663
560 667
560 667
560 669
560 669
560 675
560 676
560 676
560 676
560 679
560 679
560 679
560 684
560 684
560 702
560 702
560 702
560 814
560 820
560 820
560 821
560 821
560 822
560 822
560 823
560 823
560 824
560 824
560 825
560 825
560 826
560 826
560 828
560 828
560 862
560 864
560 893
560 1012
560 1016
560 1056
560 1194
560 1194
560 1242
560 1275
560 1285
560 1386
560 1386
560 1409
560 1410
560 1410
561 684
561 805
561 885
562 675
562 680
563 620
563 648
563 650
563 679
563 680
563 684
564 675
565 617
565 618
566 620
566 623
566 641
566 893
566 997
567 679
568 648
569 791
570 574
570 580
570 583
570 584
570 587
570 592
570 606
570 606
570 675
570 676
570 678
570 680
570 683
570 684
570 695
570 702
570 1055
570 1066
570 1196
571 679
572 620
572 650
572 733
572 1280
573 620
573 660
573 676
574 618
574 620
574 637
574 648
574 650
574 679
574 680
574 684
574 684
574 789
574 799
574 1194
574 1391
575 675
576 584
576 590
576 602
576 602
576 617
576 617
576 618
576 618
576 618
576 618
576 660
576 676
576 1023
576 1116
576 1133
576 1149
576 1171
576 1402
576 1403
576 1404
576 1410
577 675
578 675
579 679
579 680
579 1398
581 676
581 836
581 958
581 959
581 969
581 979
581 1067
581 1209
581 1312
581 1350
581 1351
581 1352
581 1353
582 618
582 618
582 618
582 715
582 715
582 715
582 715
582 715
582 784
582 784
582 784
582 784
582 784
582 829
582 829
582 829
582 829
582 829
582 891
582 891
582 891
582 891
582 891
582 898
582 898
582 898
582 898
582 898
582 899
582 899
582 899
582 899
582 899
582 900
582 900
582 900
582 900
582 900
582 901
582 901
582 901
582 901
582 901
582 902
582 902
582 902
582 902
582 902
582 903
582 903
582 903
582 903
582 903
582 904
582 904
582 904
582 904
582 904
582 905
582 905
582 905
582 905
582 905
582 906
582 906
582 906
582 906
582 906
582 907
582 907
582 907
582 907
582 907
582 908
582 908
582 908
582 908
582 908
582 909
582 909
582 909
582 909
582 909
582 916
582 916
582 916
582 916
582 916
582 917
582 917
582 917
582 917
582 917
582 919
582 919
582 919
582 919
582 919
582 920
582 920
582 920
582 920
582 920
582 921
582 921
582 921
582 921
582 921
582 922
582 922
582 922
582 922
582 922
582 923
582 923
582 923
582 923
582 923
582 924
582 924
582 924
582 924
582 924
582 925
582 925
582 925
582 925
582 925
582 926
582 926
582 926
582 926
582 926
582 927
582 927
582 927
582 927
582 927
582 928
582 928
582 928
582 928
582 928
582 929
582 929
582 929
582 929
582 929
582 930
582 930
582 930
582 931
582 931
582 931
582 932
582 932
582 932
582 933
582 933
582 933
582 934
582 934
582 934
582 935
582 935
582 935
582 936
582 936
582 937
582 937
582 937
582 938
582 938
582 938
582 939
582 939
582 939
582 940
582 940
582 940
582 941
582 941
582 941
582 942
582 942
582 942
582 943
582 943
582 943
582 944
582 944
582 944
582 945
582 945
582 945
582 947
582 948
582 949
582 950
582 951
582 952
582 953
582 954
582 955
582 956
582 958
582 958
582 959
582 959
582 960
582 961
582 962
582 963
582 964
582 965
582 966
582 967
582 968
582 969
582 970
582 971
582 972
582 973
582 974
582 975
582 976
583 620
584 676
584 785
584 976
584 988
584 996
585 620
585 650
586 617
586 620
586 623
586 650
586 663
586 667
586 669
586 680
586 820
586 821
586 822
586 823
586 824
586 825
586 826
586 930
586 1149
586 1346
587 650
587 676
587 695
587 702
587 733
587 785
587 786
587 814
587 825
587 976
588 1397
589 650
589 675
589 676
589 679
589 680
589 683
589 699
589 814
589 825
590 680
590 736
591 675
592 620
592 648
592 650
592 675
592 1275
593 680
594 618
594 648
594 676
594 836
594 958
594 959
594 969
594 979
594 1067
594 1209
594 1312
594 1350
594 1351
594 1352
594 1353
594 1354
595 893
596 618
596 648
597 620
597 648
597 650
597 675
597 679
598 618
599 620
599 620
599 620
599 620
599 623
599 623
599 623
599 623
600 648
600 679
601 676
601 676
601 873
601 881
601 988
601 1088
601 1233
601 1288
601 1289
601 1290
601 1291
601 1292
601 1293
602 660
602 676
602 1023
602 1116
602 1133
602 1149
602 1171
602 1402
602 1403
602 1404
603 792
603 1405
604 679
604 679
605 620
605 650
606 675
606 676
606 678
606 680
606 683
606 684
606 695
606 702
606 1055
606 1066
606 1196
607 620
607 650
608 679
608 814
608 814
609 630
609 648
610 1408
611 648
612 675
613 620
613 650
613 650
613 1012
614 702
615 620
615 650
615 670
615 675
615 679
616 679
